1.666461238227039954e-01 2.739511033510544369e-01 1.338884682150280094e-02
4.147935206525554808e-01 6.571010572056696919e-01 -1.337333375877491237e+00
-2.782146157778002116e-01 1.878855792922817791e-01 3.549675424530299161e-01
-1.119469331581744442e-01 2.379353276962034025e-01 -1.989952735789757808e-03
-2.934237583413730199e-01 4.302227412645919236e-01 1.313132934271486363e+00
4.089240838736221684e-01 3.046874026326209517e-01 1.648402313539083508e+00
1.764714233308947444e-01 3.447222779741357934e-01 1.868301755678269727e+00
-9.290513173032056982e-02 4.802977488672557360e-01 1.753116270952273847e+00
2.017413307951088364e-01 -4.236330400455313727e-01 1.326025163381091831e-01
-4.194707431012387744e-01 -4.972068709791928609e-01 1.336039965028536169e+00
-2.394217264682898805e-01 3.475285843324171231e-01 1.530866207082483887e+00
4.682641604514796163e-01 -2.843203436924284233e-01 1.238674825291044446e+00
-1.704650063966982043e-01 -4.679812542754906435e-01 1.346244839432886753e+00
