-8.984967055089209964e+01 -1.302375452695257536e+02 4.758070312862910782e+02
-6.953387856040095016e+01 9.928549811206603692e+01 4.225005853449168285e+02
-4.749739177201787044e+01 -1.200546676822650056e+02 3.788900929950280556e+02
-1.177950570609609002e+02 -8.041768629164168658e+01 3.937528925670205240e+02
7.060086609721632556e+01 -1.379447507453625974e+02 3.779363130724401572e+02
2.009041385333643461e+02 -7.816301843305787145e+01 3.989988128930046400e+02
2.387826153166879450e+01 -8.569556357194950635e+01 4.634125200342739390e+02
9.513301705897660554e+01 -1.051127471256462513e+02 3.771300134921016252e+02
-7.929041124770260751e+01 -9.686251907616519929e+01 3.309054995376796455e+02
5.660989138664442066e+01 -1.327483025799536449e+02 4.025062687307863030e+02
6.120606974680347889e+01 -1.227269128091179908e+02 3.836867366301000857e+02
4.078584219671557776e+01 -1.092123927949096327e+02 3.456853018924003891e+02
5.431192404658162332e+01 -1.293797764099331857e+02 3.718556072344273957e+02
